50 3.1876501200000003
55 2.37769292
60 2.68390845
65 5.95629536
70 5.4536790900000005
75 7.4590441
80 7.4168603399999995
85 8.1170718
90 11.20991718
95 17.51525936
100 18.1088653
105 18.48754142
110 24.97123005
115 26.55667724
120 31.51285306
125 51.126967640000004
130 49.22434349
135 65.25841261
140 64.6554367
145 70.64902983
150 100.07750515
155 108.43618373999999
160 129.40299137
165 131.50277201999998
170 162.02427237
175 161.3942234
180 235.13079127
185 248.72237819000003
190 264.81205515
195 285.03547330000004
200 286.91175724
205 304.56443316
210 386.30595105
215 368.35328001
220 468.04598352
225 457.24581107
230 859.35889126
235 860.3686191
240 969.8852851
245 1083.86971247
250 1091.48197363
255 1051.87627606
260 1250.0710082599999
265 1569.71152976
270 1510.92311713
275 1796.0104178299998
280 2196.9885623
285 2351.10442572
290 2428.8464006199997
295 2387.81527832
300 2518.06809083
